-0.05729498956468866,58.34667007232416,34.15480510817567,-66.74124749714893,57.450812640737794
-0.07157792245296293,40.19244294718364,-8.579898038254354,-103.03482152158823,10.662375594801599
-0.09548734171448504,56.07212783829731,33.49124145977108,-51.48835395598149,47.101119600191915
-0.14324462981791394,60.06862840370412,40.76271114750235,-44.772354312022216,42.54425524816051
-0.2861174449185462,54.830211736907074,29.484788641125775,-50.343605836806574,39.54839071685416
0.1945947884509657,-54.015753294463174,-26.712373418068786,51.15679298629591,-35.90208113807367
0.2864808741125026,-51.14216982529718,-26.519374313979643,49.34983972713852,-34.26021656023554
0.14322801844772823,-48.6059369444831,-26.617401602745183,47.702879137929415,-32.57534078829752
0.09549199756511507,-45.67290260620759,-25.579085707759173,46.94806620437624,-31.054014673975868
0.07162702790832576,-45.97878454120265,-42.08347560811025,15.623941563401837,-52.92544732369525
0.05729094061670016,-47.39560159284858,-40.446850247453774,32.214138104170466,-30.855466106424338
0.047745026773191715,-33.146301959546804,-16.438306154349966,41.81232757854823,-37.769571231428095
0.04092947193251256,-23.00781985322274,0.5075615581084918,50.645064940186636,-36.23091584642325
0.03581017150257373,-29.322353505298775,-17.216994375004354,38.398396115264994,-37.40490994583201
0.03182983469368826,-30.43365033584206,-23.11379727427656,35.0276128969058,-35.03843062722445
0.028648079910169755,-24.826054438128157,-16.06413575622769,36.395611564216736,-37.64830511826999
0.02604330632453313,-23.729999418478737,-16.892555279851198,36.417868879446885,-35.627482266326
0.023872702048628316,-22.31757094487749,-17.340077045953638,35.95358396692723,-34.78256206764029
0.0220363256547916,-20.234273697928423,-16.70627963022098,35.27334727958374,-35.36428321234207
0.02046302202608344,-21.678499328167124,-22.52131959425752,32.98771718209786,-32.79769646047387
0.01909894830943341,-17.33534781813704,-17.14695131465914,34.60399874743855,-34.98453194203488
0.017904149675234102,-16.123308895210947,-17.62995976206243,34.47573665413886,-34.73062854958408
0.016851611465164,-14.539792037979023,-17.594168518972104,34.02122498877771,-35.651317423358904
0.015915822973412125,-13.529087489219762,-18.228613094599087,34.25881315072868,-35.46107275383428
0.015077971977649965,-12.66537373875734,-18.952049955264446,34.89220723563984,-35.070951274562546
0.014323969544848238,-11.752716038543292,-19.687258176973184,35.313379661794336,-35.415675773401176
0.01364166520686593,-10.81883222805277,-20.35572282221888,35.9212543378108,-36.14618529216709
0.01302143430879914,-9.977045764187556,-21.177404088066755,36.75150803559462,-37.20579632780883
0.012455152637449693,-9.130917135863088,-21.877040109002223,38.3399137020999,-38.46550869778785
0.011936323473029057,-7.975837387671149,-22.38992836976678,40.226704295435034,-41.48640481310686
0.011458794422015441,-8.440091462657646,-26.610385786039007,46.56599199354711,-46.73832676779718
0.011936633435261836,-10.547321964325517,-31.86243146805242,52.388505992426985,-55.06073496555648
0.012455262885051123,-9.47735503307125,-30.112621914265237,56.8815807219991,-59.96059139957669
0.013021792890605796,-12.983999558563601,-33.59747749070136,61.55078930078658,-57.89804230052011
0.01364170934753934,-15.799950073118405,-36.43089264774936,64.57985990334225,-57.67369730435785
0.0143237127552638,-18.536030761182722,-37.29605223680834,70.47939804474832,-54.14922158632417
0.015077307146264273,-23.816175859778838,-44.04144225386167,69.61529389719006,-54.842738564512494
0.015915334944484636,-21.5301872780306,-39.54479102442714,73.65880209211954,-58.448350375747914
0.01685153151843272,-23.134992433803703,-40.100518399377776,75.94089861028446,-59.55220648862539
0.01790473794240497,-21.47427310230489,-37.32397504568693,77.9001853336541,-64.21902646602828
0.019098677746036193,-15.491311746346067,-31.58925113015578,78.17757907832235,-74.62020935504741
0.020462596542746653,-4.514911242584821,-22.792716952485044,77.9766226035175,-90.0005913105165
0.022036843381355323,5.086767434380222,-11.03064942796323,84.34877784081014,-97.57092866069729
0.023873189389305546,-0.9980149743422234,-12.526937295854246,89.4258006501107,-90.82925804052066
0.026043803246261377,-17.41135885343412,-29.322886032218733,85.56691183473492,-83.59104607191395
0.02864723701566148,-35.83514246408629,-43.5717315065919,84.1958078618978,-73.5069446785458
0.031830558935611285,-49.511718592533065,-49.84319429535964,87.7651079990756,-63.52418334042083
0.035809108116366666,-61.111570690429595,-56.561581734333785,87.17420685595775,-60.278829336222444
0.04092564284310427,8.46470780439139,-138.96398856100012,132.24140919025055,-139.67370727580843
0.04774691664946024,-80.29327304459895,-59.77266763022401,95.2820615366253,-46.87556814936656
0.05729707317916487,22.830608106881687,-139.5041827046124,117.9416401818266,-123.55159559552062
0.07162058975323318,16.20082955236084,-126.70489385555251,117.40454569205197,-124.75184772301547
0.09549182760984158,15.172592848375942,-121.96966831724858,117.91433846456776,-120.26718683399227
0.143240390674852,13.831666470204203,-120.12485588692263,119.85092334458976,-115.4803471337719
0.28647382226215284,4.081714732204066,-124.11826291254698,122.85204873248057,-118.66478263356929
-0.2864768751629166,1.0924438632240705,123.21243126015898,-132.81156722554766,117.6451269917772
-0.1432373880699064,-9.019237365226047,125.21643611469024,-137.58784822447495,104.81015574390572
-0.09557300946038041,-21.67013593349521,137.10984760384832,-139.99748974585813,83.8838934641779
-0.07156122425669391,-51.52613346186686,140.0,-140.0,40.000038480354625
