-0.014323688909071845,18.03792388494605,26.01452657035416,-52.48674266877657,55.26830976531701
-0.015077598487090083,18.363450756319725,23.090745351164294,-44.519688743468535,46.42742028825033
-0.01591545995187102,18.991111657986327,22.061253012782096,-42.42860286204733,41.49958155126047
-0.016851790515977315,18.588995568050024,20.222913348366305,-39.72812266067343,40.30761719362818
-0.01790716733894967,8.126177870512953,-0.42562341289939876,-44.3253287507895,44.448827518597454
-0.019098780903938982,12.712461065068725,6.505577664776409,-40.48477143744456,40.511961047292544
-0.02045494326460826,24.5743913540525,27.851658760197843,-31.276860191074466,31.162424385898692
-0.02203701390606707,19.364391686328567,16.29383819436954,-34.169819899903565,34.21582265235476
-0.02387316053545409,19.668388677630382,15.492340943646068,-33.17627369725958,33.20015113335404
-0.026042300708240297,19.685852335283922,14.014904146264927,-32.73386220712911,32.333423852104
-0.028646331578654836,22.07280874804488,17.261356934187997,-30.36504386641834,30.37157306654747
-0.031831389595647054,20.870167950762315,13.392784939083224,-30.728277549773594,31.004428950554836
-0.0358092538603716,21.671560265356266,13.249018159025495,-30.161351494115593,30.017200455667222
-0.04092712752691068,22.139997904291473,12.462465289936935,-29.723862159511974,29.611678985605515
-0.04774648583513431,22.848197823958593,12.031356151127477,-29.327009191094863,29.09262385862036
-0.07162004938913812,24.680638576377945,11.610459688675414,-28.89348116271606,27.888639758391548
-0.09549883412292773,26.385363625468926,12.309036937085162,-29.729592817542933,25.47948106379749
-0.14322322400438955,28.016971765546256,12.74470636810148,-30.88088062774291,23.00572026172227
-0.28645482921839416,35.12515155505909,35.95974624409332,-0.04935583291421611,37.82555911763987
0.28655488807050117,-32.57402069499518,-22.12355620629219,21.155970644275616,-27.174809524949055
0.14324131589167363,-28.017605927967487,-12.745896852999751,30.88064524137061,-23.005028123990982
0.09549338855606583,-26.38561340240634,-12.309515141778208,29.729463689500722,-25.479256772017667
0.07161422876662792,-24.68070870281755,-11.61063141088864,28.89333220555127,-27.88870006004972
0.047746699012369734,-22.84826601868545,-12.031488346424354,29.32696217689497,-29.09258138262374
0.040926287279178124,-22.140063758532108,-12.462594963104051,29.723810012160435,-29.611645787001226
0.035810481815831456,-21.671601752007994,-13.249099063050352,30.161320169595385,-30.01717869053402
0.031831248963679816,-20.87020087225056,-13.392849781276881,30.728248551965503,-31.004418217551784
0.028648741842746673,-22.072756253673404,-17.26125174697395,30.365082197412672,-30.371615869262882
0.026043518229942535,-19.686389918426233,-14.01594105530725,32.73350074678667,-32.33306145876406
0.023872005157446436,-19.668406826352893,-15.492377039305563,33.17625836739311,-33.20014313780608
0.0220358924461186,-19.364410528826753,-16.293874091014153,34.16980556515032,-34.215814289094205
0.0204795290279823,-24.579153435875476,-27.861250169374657,31.272920769425745,-31.158521390658894
0.019100718600134077,-12.713020777756478,-6.506603094532178,40.48445677366055,-40.51165133270592
0.017902539731595436,-8.126555332274192,0.42493681803102595,44.32511948276803,-44.4486618532034
0.016851396976646,-18.589006371160238,-20.22293478816777,39.72811005467197,-40.3076172764135
0.015915267644203254,-18.991118571063613,-22.061265728471533,42.42859665301131,-41.49957981345663
0.015077144597677316,-18.363461099351372,-23.0907601921638,44.51969007706165,-46.4274067970276
0.014323531643055056,-18.037966029890857,-26.01458973496923,52.486733254067666,-55.268269866462774
0.015076983377078187,-28.876788831306513,-44.337036704933546,57.789013594209784,-55.60078519218854
0.015915209493333318,-23.891770687218756,-35.69723084305887,68.65668990640738,-58.67545017442882
0.016852096409446383,-33.475231939319514,-51.23778944391628,63.247935215486386,-60.76193237101205
0.017904623167898495,-32.47234042543642,-46.37120531307482,73.69556366629598,-57.12611942047038
0.019098341827249794,-15.67112467992273,-17.71495894424233,95.05214446527671,-56.66539597104223
0.020462799145548674,-13.461390173885992,-28.547858344112267,79.80817877032301,-79.58724238811216
0.022036797632359474,38.00503082342141,-109.56995488556574,139.91426487211214,-129.8464671005073
0.023873822903602685,41.48095314100662,-123.9639623398518,135.4100091130506,-123.9396828495322
0.031830654574433355,55.01226262215046,-138.19944959880067,113.70530350892375,-121.32864908894479
0.03581020854449271,67.83970270884569,-113.83265876913642,112.10041381502016,-107.39021614355546
0.0409254071397532,62.518756103131565,-135.57473088172213,100.63055564632695,-120.63199021158356
0.04774594092130128,77.92381766297675,-98.94332203319662,113.07799602529626,-92.85377655351532
0.057294635274110724,92.9200663721247,-104.6318342068985,108.86185972770755,-84.09163282135871
0.07162096907586103,95.09646489453942,-103.09592831248565,107.1825080492882,-81.46788564644405
0.09549382560314322,107.02768798649312,-104.97718812367211,102.90643575755752,-76.55713142757476
0.14323842607192658,88.5826568653214,-97.12516130226469,107.52212149585489,-77.06360362700738
0.28648199831765764,139.39524970889562,-99.86868133520815,98.58166736853927,-63.898004686579256
0.018076349283988893,129.4516465307211,-98.8109094234096,99.16115687261289,-63.43110008902649
-0.28647593997187804,-139.32703028441307,99.8698808794504,-98.59585184359688,63.90109785755017
-0.14323586086596332,-88.58014331526533,97.12413684941671,-107.52284417933839,77.06403281933248
-0.09549198910937091,-107.02745996176508,104.97700088895095,-102.90662768808372,76.55704874443386
-0.07162093798142888,-95.09660792593904,103.09583132953544,-107.18260342617101,81.46771585674131
-0.05729676797053569,-92.92020850082295,104.63178920408993,-108.8619113304966,84.09149777225467
-0.04774601090511656,-77.92385826457598,98.94329394395959,-113.07802263946851,92.85372728721916
-0.04092517722608047,-62.51881788595405,135.57475016603783,-100.6305414658665,120.63195661473927
-0.03581071135677049,-67.84095076440884,113.83312578072685,-112.10042908269,107.3892114321201
-0.03183138647408617,-55.01240537037726,138.1985087200288,-113.70529809481751,121.3284381180251
-0.02604384150816986,-53.84707149919291,139.99416259404248,-125.80996466879942,113.9310140664711
-0.023869882749103406,-41.48196188029754,123.9671845290001,-135.41031342110432,123.93753574564793
-0.022037104611505872,-38.00745147030924,109.56641195579631,-139.91288181304515,129.8450783993347
-0.020462996884374897,13.461356700353006,28.547830889714184,-79.80817563482138,79.58727772319914
-0.019097059672287964,15.670780317331861,17.714273877662094,-95.05260270164969,56.66525224617307
-0.017904909263945088,32.472335875616,46.371188289391725,-73.69558705312086,57.12609862741306
-0.01685206215252778,33.47520866279613,51.237729765734,-63.24800292414428,60.76188922565474
-0.015915437433587955,23.89176459545478,35.69721780675707,-68.656700920964,58.67544626686842
-0.015077403098489213,28.876774762766765,44.33701434346648,-57.78902581556321,55.60078960332465
