-0.009549554443272337,-2.4720137656198906,25.842214726123768,-38.61891913151474,38.804556823446184
-0.010417699720196351,2.9384018985441043,26.090994457842047,-42.750705212552404,43.14857987429313
-0.011459362588359941,8.440085827173942,26.610375013459013,-46.56599849906753,46.73832700171058
-0.012732423579237777,15.94861150445684,30.54940364180425,-48.96304976227526,48.4242919765762
-0.014323688909071845,18.03792388494605,26.01452657035416,-52.48674266877657,55.26830976531701
-0.01637034719830847,30.848932667132733,37.87402037369057,-52.157722542373676,52.12114324795878
-0.019098626709075778,31.06391303036104,28.079213817289112,-60.80131936536764,55.005193227129965
-0.02291885538597046,33.07781391540023,42.27663410510624,-27.910651734614515,91.39340141609568
-0.028646598416984758,52.543231163287444,77.7727359108521,8.64005742545497,101.51923209027572
-0.03819736079628536,65.70593335319911,53.643906602953436,-58.41350478126815,48.21262955560267
-0.05729498956468866,58.34667007232416,34.15480510817567,-66.74124749714893,57.450812640737794
-0.11458565367517065,83.91182122473987,125.56622395069643,67.69236160370677,101.66277625993605
0.1512604673224328,-72.52316624871948,-35.37009334945521,71.27735683101014,-51.58412652522008
0.11459323347117405,-83.91144988613718,-125.5694928252868,-67.69821070365704,-101.66186894450387
0.057294213185817,-58.34669637453866,-34.1548290308646,66.74126347360844,-57.45076623364868
0.038193715589017525,-65.70575647445408,-53.64318286188049,58.4146730558368,-48.21160456629226
0.028646551886449278,-52.542973252855276,-77.77205484595088,-8.639246111618712,-101.51915581934007
0.02291874029349177,-33.078020042551486,-42.27719111803296,27.910058752837028,-91.39361373018549
0.01909896971850099,-31.06392332571362,-28.07922867309478,60.801317065026225,-55.00518243945477
0.01637041383483893,-30.848947331782135,-37.874046016559,52.15770892374501,-52.12113867717905
0.014323531643055056,-18.037966029890857,-26.01458973496923,52.486733254067666,-55.268269866462774
0.012732451207222608,-15.948571364780872,-30.549331534859267,48.96308131149455,-48.42431451097487
0.011458794422015441,-8.440091462657646,-26.610385786039007,46.56599199354711,-46.73832676779718
0.01041712984309347,-2.938405280611341,-26.09100086184774,42.75070177003081,-43.14857865101155
