-0.009549554443272337,-2.4720137656198906,25.842214726123768,-38.61891913151474,38.804556823446184
-0.009711338675483915,-1.3310219583530065,25.972231830853325,-39.462196916569724,39.66297869014868
-0.009878807181806878,-0.18064676571005558,26.127563552578,-40.28791031598175,40.479163269974904
-0.010052173864919385,0.9327798265681949,26.232249417755035,-41.0998611354325,41.31754959754785
-0.010231167689318135,2.03011477285142,26.319302563402374,-41.897170761266786,42.151298236706346
-0.010417699720196351,2.9384018985441043,26.090994457842047,-42.750705212552404,43.14857987429313
-0.010610632005425304,4.053452727574212,26.19932222931966,-43.56855672447949,43.85875304326021
-0.01081057062543367,5.304836088452475,26.517976791811726,-44.37852877663939,44.358001203253636
-0.011018692282681328,6.308654515608942,26.483830070472848,-45.117628405789844,45.22926167602976
-0.011234756878199203,7.380139169120977,26.552660767501738,-45.85290935403873,45.98056739940247
-0.011459362588359941,8.440085827173942,26.610375013459013,-46.56599849906753,46.73832700171058
-0.011693262055988356,9.217392014464165,26.266244101064228,-47.22416803821813,47.888949271221
-0.01193669319517746,10.301123545882744,26.368521104787156,-47.90364923118619,48.588512212163955
-0.012190635789799061,15.025433481831383,32.511953081094134,-46.97414370777597,46.071258849349185
-0.012455718924951283,12.069965491125853,26.051143255574562,-49.08465502280858,50.5895467287825
-0.012732423579237777,15.94861150445684,30.54940364180425,-48.96304976227526,48.4242919765762
-0.01302224489762262,13.694842502451147,25.791604464443694,-49.65454252235341,53.25165882738281
-0.013324848009766311,14.79446100402863,25.898980954749128,-50.323217712296795,53.811085683353525
-0.013642104091131249,15.315155649601088,25.069971167339684,-51.21791018133476,54.82881546924507
-0.013974876474457042,16.060310123761663,25.239482315921315,-50.646539617127566,56.969143624623264
-0.014323688909071845,18.03792388494605,26.01452657035416,-52.48674266877657,55.26830976531701
-0.01469109495950128,22.822735693119014,31.663871481638072,-52.207472703509154,52.14846946569392
-0.015077982650313944,21.4654126364966,27.786769462611986,-53.95867677152595,54.574756216135484
-0.015475128556976041,30.41447941311301,40.59853654516024,-50.19666821600956,49.548858800609764
-0.015915791307611518,28.263530375205857,35.125406065063125,-53.16801733292395,51.88099515820406
-0.01637034719830847,30.848932667132733,37.87402037369057,-52.157722542373676,52.12114324795878
-0.016851891763462426,26.68375410164256,28.341559148176355,-57.989070069416705,53.831826377025216
-0.017363351050765495,28.960078491013753,29.91037325498915,-58.68072717732502,52.72660100719465
-0.017895864448884972,34.961094256585234,39.08410948632747,-53.550034363618366,52.91848048153661
-0.018482489653129975,30.212607367842764,28.452871555623663,-60.18552376615965,54.36050219179992
-0.019098626709075778,31.06391303036104,28.079213817289112,-60.80131936536764,55.005193227129965
-0.01975725128156843,41.13345676253419,45.418587150050634,-49.26069372866765,56.609337767583234
-0.020463729196521376,37.02228829014395,43.07362240000051,-41.23007103906552,70.83259035456128
-0.02122072172855473,57.595703809190056,67.01026608087062,-41.21592620313036,48.38723312416653
-0.022037135317433086,29.272632921152123,22.107247304964307,-58.54078309132309,67.88031811660447
-0.02291885538597046,33.07781391540023,42.27663410510624,-27.910651734614515,91.39340141609568
-0.023873287928560694,28.327253979907933,18.495074014957044,-58.69824285603748,72.69354756238853
-0.02491080974334643,38.628651317117956,27.06391124841852,-65.46760633721065,56.588311187992936
-0.0260434638635532,30.85988229074122,15.377176426849953,-65.95064120224968,66.83178933774242
-0.027284146340761446,31.969587485460462,16.676354044971177,-64.03951886544064,69.43821795589109
-0.028646598416984758,52.543231163287444,77.7727359108521,8.64005742545497,101.51923209027572
-0.030154183487162138,60.48802627001279,58.74664748160733,-44.99620086699615,59.48104849625944
-0.03182633652941457,69.87057571548112,70.88906939103582,-39.28539733464328,55.81594688532111
-0.033707395561196105,65.87913807749254,62.58170340285541,-44.78548744905509,57.492605654882794
-0.03581251566226253,67.71999492232403,64.02477473505887,-43.515124384241645,58.52405558822782
-0.03819736079628536,65.70593335319911,53.643906602953436,-58.41350478126815,48.21262955560267
-0.040925645273361316,42.980874790999124,20.72776384492078,-66.21618442598054,68.17801451006011
-0.044075468216142354,49.82433443195529,25.663365976682975,-70.57559910385771,57.88347604785625
-0.047747494456826155,56.07080707668399,31.997764575913706,-70.93490919849893,52.052245018548824
-0.05208775832859931,60.91354997158016,38.35291768941142,-67.36356499384674,52.03939107117335
-0.05729498956468866,58.34667007232416,34.15480510817567,-66.74124749714893,57.450812640737794
-0.06367926239275909,48.172049033637315,17.79311644324289,-71.14247926496184,65.91526017716554
-0.07162287215676483,61.28543249909846,70.22322109440677,0.19313210826364535,108.42841125787564
-0.09549308635122494,50.01076692501857,22.011778774117648,-60.98205438551669,78.38950461717168
-0.11458565367517065,83.91182122473987,125.56622395069643,67.69236160370677,101.66277625993605
-0.14323806100626385,76.33226671013695,65.3637457734976,-30.533848168436993,79.65800129331878
-0.19090496700559817,67.2096726452484,28.260742036994756,-81.42728001490855,41.93212717251623
-0.5723018982391901,81.75939003719239,60.761774744872184,-43.82816069933113,67.0882208813571
0.1512604673224328,-72.52316624871948,-35.37009334945521,71.27735683101014,-51.58412652522008
0.573183416836144,-81.75214940796546,-60.773147324343014,43.78952621872628,-67.12984334873647
0.19098520155807336,-67.21407296723348,-28.274279816320252,81.40984547263241,-41.94774775636312
0.1432474556328284,-76.38262481189585,-65.33454065788115,30.69332756128978,-79.48596186235905
0.11459323347117405,-83.91144988613718,-125.5694928252868,-67.69821070365704,-101.66186894450387
0.09549091772741888,-49.99924212492767,-22.004988115797627,60.97041850642152,-78.41231064881327
0.07162051180222466,-61.283364731954556,-70.11810376587653,0.012962585298690113,-108.32758645317384
0.06362465243798052,-48.17583833572191,-17.800482126743685,71.13800466833227,-65.91571156275728
0.057294213185817,-58.34669637453866,-34.1548290308646,66.74126347360844,-57.45076623364868
0.05208648957159758,-60.9142064121451,-38.35381220416037,67.36337887164763,-52.03881703623206
0.04774726719230615,-56.07963546857491,-32.010379314774546,70.93182933912918,-52.045165234297286
0.04407402042238051,-49.82447456484952,-25.663621060040626,70.57544917748501,-57.883475260622205
0.040926024154660436,-42.980908278742255,-20.72781493476178,66.21616888687488,-68.17799425743664
0.038193715589017525,-65.70575647445408,-53.64318286188049,58.4146730558368,-48.21160456629226
0.03580894357351966,-67.72166167663207,-64.0299910666368,43.507971745042866,-58.528662908361966
0.033696068740186394,-65.87915382669162,-62.58174619261529,44.78543283957224,-57.492637375283905
0.03182766856078964,-69.8723210530639,-70.89458944504537,39.27758970232727,-55.82088582971663
0.030155407275937074,-60.488622739095945,-58.74802557292091,44.994738706037886,-59.481699511360944
0.028646551886449278,-52.542973252855276,-77.77205484595088,-8.639246111618712,-101.51915581934007
0.027284255144954448,-31.969686958034107,-16.676504276829984,64.03948131345183,-69.43814947807164
0.02604331084688033,-30.859802175833728,-15.377259202696061,65.95030240504805,-66.8322131045773
0.024910173045071312,-38.62858711004671,-27.0637896469108,65.46768242953526,-56.58830685845132
0.023872647208980267,-28.327255273026665,-18.49506485184063,58.698262064080744,-72.69352846983128
0.02291874029349177,-33.078020042551486,-42.27719111803296,27.910058752837028,-91.39361373018549
0.022037225537285796,-29.27260587835472,-22.10722039133571,58.54076792032406,-67.88036253970404
0.021215633162048633,-57.59604115300596,-67.01091138532213,41.21538459227285,-48.38731218661473
0.020462720287786045,-37.02251296967427,-43.074309860282824,41.229254729353286,-70.83302898594967
0.019756578384001404,-41.13375340487584,-45.419180808775444,49.2602248405898,-56.60942580028586
0.01909896971850099,-31.06392332571362,-28.07922867309478,60.801317065026225,-55.00518243945477
0.018482244015747357,-30.212616789020377,-28.452889765378217,60.185511840181995,-54.36050372833434
0.01790446344435638,-34.961874830499895,-39.08553565939525,53.54917019842216,-52.91836407004635
0.01736315769263597,-28.960270175198836,-29.91066715206756,58.68065534731748,-52.72643876723564
0.016852113632350587,-26.68375966987599,-28.3415710167954,57.98906004332736,-53.831830657778795
0.01637041383483893,-30.848947331782135,-37.874046016559,52.15770892374501,-52.12113867717905
0.015915307919336652,-28.263554476762405,-35.12544782086209,53.167997223495036,-51.880985434021085
0.0154857798512614,-30.41829570266303,-40.60485198934331,50.19412601428083,-49.5464112861137
0.015077366349087344,-21.465703844037257,-27.78723234817964,53.95855148369432,-54.574528129960996
0.014691342064593176,-22.822755550812982,-31.663902885231117,52.207462508023504,-52.14845626272076
0.014323531643055056,-18.037966029890857,-26.01458973496923,52.486733254067666,-55.268269866462774
0.013974358916539332,-16.06031715500094,-25.239491730404286,50.64654077609045,-56.96913371237636
0.013641876383205617,-15.315155453097857,-25.069970888155805,51.21791000699924,-54.82881629204631
0.013324631546853854,-14.794447740947652,-25.898981695003137,50.32317436151876,-53.81114440421733
0.013021715453482081,-13.694847290220935,-25.791612281993796,49.65453968822797,-53.25165639321793
0.012732451207222608,-15.948571364780872,-30.549331534859267,48.96308131149455,-48.42431451097487
0.012455363235616822,-12.069971968945236,-26.05115365168022,49.084652037252695,-50.58954327605491
0.012190169201824405,-15.025483917766252,-32.51204517739659,46.9741006797491,-46.07123399990402
0.011936333936415942,-10.301126871710718,-26.36852606234039,47.90364814301664,-48.588510159538735
0.011692759885463849,-9.21739635726652,-26.26625245014094,47.2241643264569,-47.88894704006116
0.011458794422015441,-8.440091462657646,-26.610385786039007,46.56599199354711,-46.73832676779718
0.011234168999487473,-7.380143954734839,-26.552669441649368,45.85290488436484,-45.980566374495545
0.01101814491043573,-6.308660594854538,-26.48384214349254,45.1176207826718,-45.229261999196
0.010810267379222567,-5.304841480140636,-26.517987090062558,44.378522484438115,-44.35800069547608
0.010610094446633344,-4.053458585711338,-26.199333631329576,43.56855017238811,-43.85875164470438
0.01041712984309347,-2.938405280611341,-26.09100086184774,42.75070177003081,-43.14857865101155
0.010231053455301104,-2.0301198400901,-26.31931194238693,41.897165485949415,-42.151297892473146
0.010051580749644054,-0.9327858337425793,-26.23226089468144,41.099854579998656,-41.31754951026562
0.009878678288109613,0.1806427622870447,-26.127571068687498,40.28790650156783,-40.47916127277698
0.009710914052229219,1.3310172950517616,-25.972241129767262,39.462191915464075,-39.66297762665825
